%YAML 1.0
---
calibration_time: "Sat Jul 23 19:35:11 2016"
nframes: 5
image_width: 1024
image_height: 768
board_width: 11
board_height: 7
square_size: 1.
aspectRatio: 1.
flags: 2
camera_matrix: !!opencv-matrix
   rows: 3
   cols: 3
   dt: d
   data: [ 1.4265189485878516e+03, 0., 5.4501970337977878e+02, 0.,
       1.4265189485878516e+03, 4.8776899677698782e+02, 0., 0., 1. ]
distortion_coefficients: !!opencv-matrix
   rows: 5
   cols: 1
   dt: d
   data: [ -1.0498168345276650e-02, 1.2947319836106025e-01,
       9.7144894589994493e-03, -6.4510157773210505e-03,
       1.9026428965586972e+00 ]
avg_reprojection_error: 1.2944392177274164e+00
per_view_reprojection_errors: !!opencv-matrix
   rows: 5
   cols: 1
   dt: f
   data: [ 1.42957771e+00, 1.00490010e+00, 1.13582289e+00,
       1.47931230e+00, 1.35863507e+00 ]
extrinsic_parameters: !!opencv-matrix
   rows: 5
   cols: 6
   dt: d
   data: [ -4.1037794491327734e-01, 5.7878564022679959e-03,
       -2.0122931038866448e-02, -5.3058791816903463e+00,
       -5.0794277923648625e+00, 2.0499985179501117e+01,
       -3.9938738897022191e-01, -2.1635266517877730e-01,
       -3.7190099975022917e-01, -5.7913804197307055e+00,
       -3.4013773981981106e+00, 1.9954800715623850e+01,
       -1.4112568931784814e-01, -6.1036210622744458e-01,
       -1.8160295744130431e-01, -3.8782772563875048e+00,
       -4.4699547504484114e+00, 1.7248815316327477e+01,
       -4.3674397965713047e-01, -1.0302111685521172e-02,
       -3.4951236117300458e-02, -5.7867890915435742e+00,
       -4.9571242947140695e+00, 2.0179636602888159e+01,
       3.2934586971146212e-01, -5.2119568139491168e-01,
       3.1029265834326320e-02, -3.9597675315163303e+00,
       -4.7470416990740194e+00, 1.8495105661084846e+01 ]
image_points: !!opencv-matrix
   rows: 5
   cols: 77
   dt: "2f"
   data: [ 1.72462753e+02, 1.34787262e+02, 2.42665222e+02,
       1.34624222e+02, 3.12182434e+02, 1.33223450e+02, 3.82157166e+02,
       1.32589371e+02, 4.52041840e+02, 1.31022415e+02, 5.21857117e+02,
       1.29446487e+02, 5.92131409e+02, 1.28761597e+02, 6.61865173e+02,
       1.26181641e+02, 7.31226013e+02, 1.25175598e+02, 8.01740784e+02,
       1.23777618e+02, 8.71246460e+02, 1.22883080e+02, 1.67112442e+02,
       1.93273895e+02, 2.38393295e+02, 1.92433487e+02, 3.09594116e+02,
       1.91219269e+02, 3.80463257e+02, 1.89398895e+02, 4.52164215e+02,
       1.88618301e+02, 5.23289307e+02, 1.87349899e+02, 5.94087097e+02,
       1.86102692e+02, 6.65507935e+02, 1.84684326e+02, 7.36588379e+02,
       1.82636581e+02, 8.08262024e+02, 1.81417587e+02, 8.79127380e+02,
       1.80319672e+02, 1.61118134e+02, 2.53186111e+02, 2.34001282e+02,
       2.52128662e+02, 3.06329468e+02, 2.51030609e+02, 3.79358093e+02,
       2.50188187e+02, 4.52224091e+02, 2.49047043e+02, 5.24209717e+02,
       2.47354858e+02, 5.96748535e+02, 2.45299103e+02, 6.69562073e+02,
       2.44239319e+02, 7.41599487e+02, 2.42832993e+02, 8.14096313e+02,
       2.41371964e+02, 8.87189758e+02, 2.39855423e+02, 1.55579926e+02,
       3.16456512e+02, 2.29694839e+02, 3.14875458e+02, 3.04288300e+02,
       3.13276337e+02, 3.77708252e+02, 3.12777374e+02, 4.51787628e+02,
       3.11121643e+02, 5.25386658e+02, 3.09230347e+02, 5.99979431e+02,
       3.08527557e+02, 6.73136841e+02, 3.06882477e+02, 7.46858337e+02,
       3.05014648e+02, 8.21081055e+02, 3.04190155e+02, 8.95764587e+02,
       3.01647522e+02, 1.49580154e+02, 3.81124451e+02, 2.25222504e+02,
       3.79475891e+02, 3.00583588e+02, 3.78517792e+02, 3.76408844e+02,
       3.77043762e+02, 4.51475464e+02, 3.75838318e+02, 5.26308472e+02,
       3.75068848e+02, 6.01875366e+02, 3.72945404e+02, 6.77421631e+02,
       3.71219482e+02, 7.52663208e+02, 3.69576813e+02, 8.28085876e+02,
       3.68576263e+02, 9.04186707e+02, 3.67003479e+02, 1.42457855e+02,
       4.48638123e+02, 2.20298294e+02, 4.46995728e+02, 2.97256104e+02,
       4.45323944e+02, 3.74336273e+02, 4.44849823e+02, 4.51900330e+02,
       4.43717896e+02, 5.28470093e+02, 4.41531555e+02, 6.04368103e+02,
       4.40222809e+02, 6.81912537e+02, 4.39001617e+02, 7.58061646e+02,
       4.37119110e+02, 8.35834961e+02, 4.35796936e+02, 9.12491821e+02,
       4.34779510e+02, 1.36579330e+02, 5.19169006e+02, 2.15145111e+02,
       5.18349792e+02, 2.93730713e+02, 5.16747375e+02, 3.72438904e+02,
       5.14970886e+02, 4.50987610e+02, 5.13309448e+02, 5.29735168e+02,
       5.12045410e+02, 6.08156921e+02, 5.10533142e+02, 6.86108521e+02,
       5.09216766e+02, 7.64689453e+02, 5.08846039e+02, 8.43720825e+02,
       5.06998169e+02, 9.21483826e+02, 5.05105621e+02, 1.27395790e+02,
       2.43967117e+02, 1.99135620e+02, 2.26657990e+02, 2.67673065e+02,
       2.08919708e+02, 3.34762177e+02, 1.92402924e+02, 3.99911652e+02,
       1.75267242e+02, 4.62950623e+02, 1.59310822e+02, 5.24226257e+02,
       1.43389633e+02, 5.83455688e+02, 1.27429855e+02, 6.40570740e+02,
       1.13098946e+02, 6.96820068e+02, 9.85791092e+01, 7.51263794e+02,
       8.48213348e+01, 1.48856598e+02, 3.03438782e+02, 2.21434875e+02,
       2.83850616e+02, 2.91131439e+02, 2.65304504e+02, 3.58803925e+02,
       2.46493927e+02, 4.24358368e+02, 2.29470703e+02, 4.88547272e+02,
       2.11796326e+02, 5.49798889e+02, 1.95013992e+02, 6.09512268e+02,
       1.78283707e+02, 6.67956909e+02, 1.62454254e+02, 7.24423096e+02,
       1.47384842e+02, 7.79099060e+02, 1.32134109e+02, 1.71778641e+02,
       3.63281342e+02, 2.44902206e+02, 3.42071808e+02, 3.15491577e+02,
       3.22214294e+02, 3.83787659e+02, 3.03223022e+02, 4.49976715e+02,
       2.84599701e+02, 5.14482788e+02, 2.66041321e+02, 5.76623840e+02,
       2.47586441e+02, 6.36842285e+02, 2.30378616e+02, 6.95757996e+02,
       2.13635864e+02, 7.52072388e+02, 1.97970963e+02, 8.07615417e+02,
       1.81234726e+02, 1.94613480e+02, 4.26028961e+02, 2.68789032e+02,
       4.03549377e+02, 3.40302063e+02, 3.82357941e+02, 4.09331970e+02,
       3.61538696e+02, 4.75948456e+02, 3.41802002e+02, 5.41081665e+02,
       3.21936096e+02, 6.04193237e+02, 3.02906433e+02, 6.64995422e+02,
       2.84110199e+02, 7.23809509e+02, 2.66531830e+02, 7.81257568e+02,
       2.48952377e+02, 8.37387939e+02, 2.31580475e+02, 2.18823486e+02,
       4.90596130e+02, 2.94127075e+02, 4.66848724e+02, 3.65979950e+02,
       4.44138824e+02, 4.35903107e+02, 4.21445770e+02, 5.03396027e+02,
       4.00401031e+02, 5.68891235e+02, 3.79587433e+02, 6.32423157e+02,
       3.59264740e+02, 6.94288147e+02, 3.39214233e+02, 7.53341980e+02,
       3.20550446e+02, 8.11443054e+02, 3.02057220e+02, 8.67752319e+02,
       2.84021271e+02, 2.43976944e+02, 5.56927734e+02, 3.19805115e+02,
       5.32123291e+02, 3.93022095e+02, 5.07171387e+02, 4.63329865e+02,
       4.84146790e+02, 5.32675293e+02, 4.61426788e+02, 5.97635132e+02,
       4.39220276e+02, 6.61552856e+02, 4.17914551e+02, 7.23502014e+02,
       3.96531738e+02, 7.83697510e+02, 3.77103821e+02, 8.41774902e+02,
       3.57255219e+02, 8.98829956e+02, 3.38085419e+02, 2.69711151e+02,
       6.27352722e+02, 3.46554993e+02, 5.99973022e+02, 4.20709290e+02,
       5.74174561e+02, 4.91774109e+02, 5.48466187e+02, 5.60215027e+02,
       5.24500977e+02, 6.27455322e+02, 5.01067627e+02, 6.91477478e+02,
       4.77924652e+02, 7.54781738e+02, 4.56386627e+02, 8.15275269e+02,
       4.35395111e+02, 8.73795349e+02, 4.13839661e+02, 9.30963135e+02,
       3.94444000e+02, 2.24398895e+02, 1.18032967e+02, 2.99479980e+02,
       1.21119827e+02, 3.69449463e+02, 1.23829575e+02, 4.35239319e+02,
       1.25968391e+02, 4.97290924e+02, 1.28144394e+02, 5.55036194e+02,
       1.29905014e+02, 6.10146851e+02, 1.31585739e+02, 6.62128174e+02,
       1.32570938e+02, 7.09136597e+02, 1.34704407e+02, 7.55648865e+02,
       1.36218994e+02, 7.98941772e+02, 1.36990067e+02, 2.38722443e+02,
       1.97327942e+02, 3.14639130e+02, 1.97157196e+02, 3.84596710e+02,
       1.97204971e+02, 4.50489502e+02, 1.96915573e+02, 5.12195007e+02,
       1.96923676e+02, 5.70368286e+02, 1.96749237e+02, 6.24650391e+02,
       1.96358566e+02, 6.76317505e+02, 1.95779510e+02, 7.24624207e+02,
