%YAML 1.0
---
calibration_time: "Sun Jul 24 21:08:48 2016"
nframes: 10
image_width: 1024
image_height: 768
board_width: 11
board_height: 7
square_size: 1.
aspectRatio: 1.
flags: 2
camera_matrix: !!opencv-matrix
   rows: 3
   cols: 3
   dt: d
   data: [ 8.2988111558699700e+02, 0., 4.8388748473583530e+02, 0.,
       8.2988111558699700e+02, 3.5101813479679976e+02, 0., 0., 1. ]
distortion_coefficients: !!opencv-matrix
   rows: 5
   cols: 1
   dt: d
   data: [ -4.3212821782114641e-01, 5.6808350869204265e-02,
       1.3336545171164929e-02, 1.4402099020498408e-02,
       4.5018279952561593e-02 ]
avg_reprojection_error: 1.7634797431064351e+00
per_view_reprojection_errors: !!opencv-matrix
   rows: 10
   cols: 1
   dt: f
   data: [ 1.65504670e+00, 7.29977429e-01, 2.03192186e+00,
       1.16873705e+00, 8.84104848e-01, 8.22375715e-01, 1.40066707e+00,
       3.59710336e+00, 1.47250402e+00, 1.95055830e+00 ]
extrinsic_parameters: !!opencv-matrix
   rows: 10
   cols: 6
   dt: d
   data: [ -1.7184497733768989e-01, 4.0716734277146266e-01,
       -6.3955296842465550e-02, 5.4230263229379394e-01,
       -1.3749526600431106e+00, 2.1669928870642721e+01,
       4.6600398738277521e-01, 2.6648695492832503e-01,
       -9.2442066844983961e-02, -2.4925077185685396e+00,
       -4.9542557634527427e+00, 1.7215250903785275e+01,
       2.6317321646584107e-02, -4.6215820877883868e-01,
       -1.4574087489470231e+00, -7.2859578450549138e+00,
       5.9813753974918944e+00, 1.1327144315869178e+01,
       -1.2726097848999746e-01, -6.4039297999031575e-01,
       -1.4596681098122337e+00, -7.3581205835610186e+00,
       6.0817378114914034e+00, 1.1578076170604948e+01,
       -2.5269550555490372e-01, -8.4843332916303804e-01,
       -1.4470230477054471e+00, -7.5386690867042434e+00,
       6.0945213433617287e+00, 1.1526426575739020e+01,
       -5.2749083473772718e-01, -1.0853184433793928e+00,
       -1.4215817098961923e+00, -7.4371529433357422e+00,
       6.1657594913025280e+00, 1.1396542096354453e+01,
       -4.6204543132338866e-01, -1.6455520217025912e-01,
       2.1645921362107964e-01, -6.5550649131791863e+00,
       -7.7038474201106739e+00, 1.6778880643355333e+01,
       -6.9813568086995514e-02, -2.6836718666451231e-01,
       1.6791641223487383e-01, -6.5551412080117482e+00,
       -5.2267599514392380e+00, 1.4018538429464989e+01,
       -1.2138749556477520e-01, 4.0584660321042187e-01,
       2.6711499625914310e-02, -7.2720757577384620e-01,
       -6.1160288718282159e+00, 1.8384654639558043e+01,
       5.6599781934264004e-01, 7.8348961281689722e-02,
       9.3902620554702679e-02, -1.4034302873045827e+00,
       -4.6852625151252179e+00, 1.1387507743428358e+01 ]
image_points: !!opencv-matrix
   rows: 10
   cols: 77
   dt: "2f"
   data: [ 5.03725189e+02, 3.00013123e+02, 5.39935059e+02,
       2.95211975e+02, 5.77173889e+02, 2.90599060e+02, 6.15298096e+02,
       2.86275391e+02, 6.54859558e+02, 2.81182251e+02, 6.95002625e+02,
       2.75727631e+02, 7.35661682e+02, 2.72031250e+02, 7.74835510e+02,
       2.67561127e+02, 8.15352844e+02, 2.62941437e+02, 8.54322449e+02,
       2.60023010e+02, 8.91761902e+02, 2.57522400e+02, 5.04696533e+02,
       3.37341766e+02, 5.41739441e+02, 3.33666473e+02, 5.78619507e+02,
       3.30356384e+02, 6.18468628e+02, 3.24998566e+02, 6.57620728e+02,
       3.21092712e+02, 6.98294434e+02, 3.16533783e+02, 7.39272766e+02,
       3.12373413e+02, 7.80181091e+02, 3.07616150e+02, 8.20239197e+02,
       3.04608551e+02, 8.60466431e+02, 3.00605408e+02, 8.96992798e+02,
       2.97772522e+02, 5.06725739e+02, 3.75648376e+02, 5.43229736e+02,
       3.71862457e+02, 5.81120239e+02, 3.68709686e+02, 6.20447021e+02,
       3.64838776e+02, 6.60588135e+02, 3.61447235e+02, 7.02294983e+02,
       3.57951324e+02, 7.42445190e+02, 3.53008026e+02, 7.83570557e+02,
       3.49797272e+02, 8.24285095e+02, 3.45958435e+02, 8.64042786e+02,
       3.42595947e+02, 9.01116638e+02, 3.39170319e+02, 5.08238983e+02,
       4.14206085e+02, 5.44938538e+02, 4.10658630e+02, 5.82813110e+02,
       4.08271301e+02, 6.23331787e+02, 4.05041351e+02, 6.63678833e+02,
       4.02548462e+02, 7.04586060e+02, 3.98886993e+02, 7.46326294e+02,
       3.95871307e+02, 7.87735718e+02, 3.91282135e+02, 8.28040344e+02,
       3.88255890e+02, 8.67725281e+02, 3.83938232e+02, 9.06051208e+02,
       3.80280914e+02, 5.09404999e+02, 4.51260254e+02, 5.46190308e+02,
       4.50899078e+02, 5.85120544e+02, 4.47564880e+02, 6.24453918e+02,
       4.45939941e+02, 6.64760071e+02, 4.43748718e+02, 7.07594604e+02,
       4.39827789e+02, 7.48453735e+02, 4.37434265e+02, 7.90539612e+02,
       4.33747650e+02, 8.30375732e+02, 4.30720490e+02, 8.69899597e+02,
       4.26574585e+02, 9.08215271e+02, 4.22163879e+02, 5.11870239e+02,
       4.90685150e+02, 5.48355469e+02, 4.89638489e+02, 5.87678955e+02,
       4.87822174e+02, 6.26999084e+02, 4.87139069e+02, 6.68118713e+02,
       4.84820404e+02, 7.09089966e+02, 4.82461243e+02, 7.50341797e+02,
       4.79564514e+02, 7.92492493e+02, 4.76578125e+02, 8.32226257e+02,
       4.72694763e+02, 8.72101013e+02, 4.68775879e+02, 9.09588318e+02,
       4.64083038e+02, 5.12738831e+02, 5.28732605e+02, 5.50455261e+02,
       5.28516724e+02, 5.89105164e+02, 5.28089600e+02, 6.28338257e+02,
       5.27346924e+02, 6.69040833e+02, 5.26211365e+02, 7.10147095e+02,
       5.23057190e+02, 7.52484741e+02, 5.20687622e+02, 7.92306152e+02,
       5.18609619e+02, 8.34519958e+02, 5.14655212e+02, 8.72296204e+02,
       5.10346497e+02, 9.10351807e+02, 5.05602600e+02, 3.73628662e+02,
       1.27186562e+02, 4.14872498e+02, 1.21028191e+02, 4.58226929e+02,
       1.15127571e+02, 5.04123901e+02, 1.10155304e+02, 5.51394226e+02,
       1.05404930e+02, 5.99718384e+02, 1.01366425e+02, 6.48416199e+02,
       9.88698196e+01, 6.97059082e+02, 9.78338165e+01, 7.44665283e+02,
       9.67017593e+01, 7.92227722e+02, 9.69879684e+01, 8.36723022e+02,
       9.91480789e+01, 3.79610413e+02, 1.68344162e+02, 4.20915405e+02,
       1.63097260e+02, 4.64493042e+02, 1.58734131e+02, 5.10157623e+02,
       1.53401215e+02, 5.56603088e+02, 1.49630157e+02, 6.05312012e+02,
       1.46990295e+02, 6.53640137e+02, 1.44355240e+02, 7.02477295e+02,
       1.42518036e+02, 7.50190674e+02, 1.41649353e+02, 7.97191528e+02,
       1.42378998e+02, 8.41892395e+02, 1.43580734e+02, 3.86997467e+02,
       2.10242691e+02, 4.27713806e+02, 2.05097824e+02, 4.71596222e+02,
       2.01394623e+02, 5.16370605e+02, 1.96996811e+02, 5.62567688e+02,
       1.94453888e+02, 6.10257446e+02, 1.91881134e+02, 6.58547485e+02,
       1.89860016e+02, 7.07132080e+02, 1.87984329e+02, 7.53726746e+02,
       1.86800186e+02, 8.01055969e+02, 1.86691986e+02, 8.45000305e+02,
       1.88531479e+02, 3.93249542e+02, 2.50571136e+02, 4.35513458e+02,
       2.47282364e+02, 4.77831421e+02, 2.43750290e+02, 5.22639648e+02,
       2.41232559e+02, 5.68045532e+02, 2.38314835e+02, 6.15594421e+02,
       2.35794006e+02, 6.62768005e+02, 2.34175980e+02, 7.10314514e+02,
       2.32653610e+02, 7.56671509e+02, 2.31965958e+02, 8.02930237e+02,
       2.32080063e+02, 8.46880615e+02, 2.32577469e+02, 4.01496735e+02,
       2.90907318e+02, 4.41669464e+02, 2.88200684e+02, 4.84991608e+02,
       2.86103027e+02, 5.28460571e+02, 2.83276550e+02, 5.73278076e+02,
       2.81391541e+02, 6.20354797e+02, 2.79187653e+02, 6.66353210e+02,
       2.78463409e+02, 7.12799561e+02, 2.76730103e+02, 7.59298462e+02,
       2.76359344e+02, 8.04305786e+02, 2.75909241e+02, 8.47616272e+02,
       2.75351227e+02, 4.09541382e+02, 3.30643005e+02, 4.49044861e+02,
       3.28098480e+02, 4.90529907e+02, 3.26264160e+02, 5.34752930e+02,
       3.24336090e+02, 5.78590149e+02, 3.23345032e+02, 6.24532532e+02,
       3.21650208e+02, 6.69710388e+02, 3.20669830e+02, 7.16421875e+02,
       3.19899048e+02, 7.60564026e+02, 3.18377686e+02, 8.05032837e+02,
       3.17943329e+02, 8.46868469e+02, 3.17572510e+02, 4.16244049e+02,
       3.67069763e+02, 4.55176300e+02, 3.66402863e+02, 4.97675507e+02,
       3.64777679e+02, 5.40382263e+02, 3.64131805e+02, 5.83241821e+02,
