%YAML 1.0
---
calibration_time: "Thu Sep  8 14:55:56 2016"
nframes: 10
image_width: 640
image_height: 480
board_width: 11
board_height: 7
square_size: 2.
aspectRatio: 1.
flags: 2
camera_matrix: !!opencv-matrix
   rows: 3
   cols: 3
   dt: d
   data: [ 5.8219181197304511e+02, 0., 3.1518959718348992e+02, 0.,
       5.8219181197304511e+02, 1.9307993205181447e+02, 0., 0., 1. ]
distortion_coefficients: !!opencv-matrix
   rows: 5
   cols: 1
   dt: d
   data: [ -4.4567797333947007e-01, 3.9531964975632911e-01,
       5.2191512005573051e-03, -4.3771183140565917e-03,
       -2.5590634782015192e-01 ]
avg_reprojection_error: 1.5219091515625194e+00
per_view_reprojection_errors: !!opencv-matrix
   rows: 10
   cols: 1
   dt: f
   data: [ 3.46284777e-01, 3.40661973e-01, 3.29513669e-01,
       7.21659184e-01, 7.99208581e-01, 8.24489832e-01, 6.35194540e-01,
       5.30703366e-01, 4.61033434e-01, 4.48113298e+00 ]
extrinsic_parameters: !!opencv-matrix
   rows: 10
   cols: 6
   dt: d
   data: [ -8.5228817941317855e-02, 2.2824244931503687e-01,
       -1.5419205796256450e+00, -2.1924226033073847e+01,
       1.7395719150460646e+01, 4.3871999964519802e+01,
       1.3458419739549921e-01, -9.7064350188814513e-02,
       1.6100869723808711e+00, -1.0064159647941237e+01,
       -2.9009299485682871e+00, 4.0130986645489081e+01,
       2.6120999057129668e-01, -4.3993788236088119e-04,
       2.3044332841622812e+00, 7.2539201665932564e+00,
       1.8945917078592336e+00, 3.7301559781687473e+01,
       5.1701586475396810e-01, -4.0123819151783494e-02,
       1.4675153778931102e-01, -2.1419232294511836e+01,
       -1.2223430132778393e+01, 3.5484937508128567e+01,
       4.8885046057041520e-01, 1.4872983459568129e-02,
       4.2251517724674247e-02, -9.8566413671626698e+00,
       -1.1633258732113850e+01, 3.7623759231724456e+01,
       4.5165942291730093e-01, 4.0174863350686985e-01,
       -1.4283064401121776e-02, 3.7858669645553547e+00,
       -1.0964633294939368e+01, 4.1567830709613091e+01,
       3.5329877503026325e-01, 1.2973675077853490e-02,
       9.1655441186850539e-01, 1.4331483370227570e+01,
       -1.2670778580868539e+01, 3.8771016018056514e+01,
       4.7242714901248323e-01, 5.0798822226009255e-01,
       2.2933586402605788e+00, 2.6073525696045213e+01,
       4.3380340844520138e+00, 4.2563915885973636e+01,
       6.8455215119648093e-03, 1.1346864910678125e+00,
       2.7962129367957744e+00, 8.9608460541653905e+00,
       1.8167592556047079e+01, 4.7286137529132212e+01,
       -1.2326636699702089e+00, -9.2926607738077607e-02,
       -4.0819378127660441e-02, -1.4550486581715180e+01,
       1.3342636279709994e+01, 5.6084785495783095e+01 ]
image_points: !!opencv-matrix
   rows: 10
   cols: 77
   dt: "2f"
   data: [ 5.94251518e+01, 3.96210449e+02, 5.64731789e+01,
       3.75618073e+02, 5.36558990e+01, 3.53944061e+02, 5.08721428e+01,
       3.31744019e+02, 4.85499878e+01, 3.08530792e+02, 4.66965370e+01,
       2.85330627e+02, 4.57405205e+01, 2.61267853e+02, 4.45101128e+01,
       2.36908478e+02, 4.32472610e+01, 2.12159546e+02, 4.26102600e+01,
       1.87429810e+02, 4.25644684e+01, 1.61827377e+02, 7.77546310e+01,
       4.00599335e+02, 7.53538361e+01, 3.79764435e+02, 7.25040283e+01,
       3.57837891e+02, 7.01215668e+01, 3.34984772e+02, 6.81580200e+01,
       3.12283142e+02, 6.62289124e+01, 2.88415253e+02, 6.45828476e+01,
       2.63610291e+02, 6.26419792e+01, 2.38422501e+02, 6.24409904e+01,
       2.13508469e+02, 6.11466599e+01, 1.87652863e+02, 6.09768372e+01,
       1.61891403e+02, 9.73974533e+01, 4.04932037e+02, 9.45715256e+01,
       3.83776031e+02, 9.24251556e+01, 3.61543488e+02, 9.03935089e+01,
       3.38523468e+02, 8.79124756e+01, 3.14610809e+02, 8.61367111e+01,
       2.90760254e+02, 8.43754959e+01, 2.66036865e+02, 8.25625381e+01,
       2.39891403e+02, 8.22413788e+01, 2.14550705e+02, 8.14697266e+01,
       1.88340149e+02, 8.13665695e+01, 1.61847931e+02, 1.17786407e+02,
       4.09567627e+02, 1.15257172e+02, 3.87812012e+02, 1.12512451e+02,
       3.65486694e+02, 1.10386803e+02, 3.42472839e+02, 1.08566612e+02,
       3.18378113e+02, 1.06536461e+02, 2.93446564e+02, 1.05228561e+02,
       2.67680267e+02, 1.04290039e+02, 2.41816177e+02, 1.02659721e+02,
       2.15543732e+02, 1.02532150e+02, 1.89184494e+02, 1.02568535e+02,
       1.61856674e+02, 1.38445786e+02, 4.13937622e+02, 1.36454300e+02,
       3.92438507e+02, 1.34276337e+02, 3.69378906e+02, 1.32553284e+02,
       3.45683380e+02, 1.30518723e+02, 3.20813477e+02, 1.28572571e+02,
       2.95784149e+02, 1.27539452e+02, 2.70286713e+02, 1.26427475e+02,
       2.43562683e+02, 1.25297035e+02, 2.16936172e+02, 1.24733391e+02,
       1.89594330e+02, 1.24861183e+02, 1.61936234e+02, 1.60502548e+02,
       4.18373322e+02, 1.58503387e+02, 3.96303589e+02, 1.56532166e+02,
       3.72702393e+02, 1.55045853e+02, 3.48651703e+02, 1.53494751e+02,
       3.24288208e+02, 1.52282425e+02, 2.98635376e+02, 1.50529922e+02,
       2.72447510e+02, 1.49665115e+02, 2.45498459e+02, 1.48606628e+02,
       2.17883301e+02, 1.48527008e+02, 1.90410980e+02, 1.48542801e+02,
       1.62250763e+02, 1.83348923e+02, 4.22508606e+02, 1.82312546e+02,
       4.00459442e+02, 1.80448044e+02, 3.76508057e+02, 1.78664597e+02,
       3.52270844e+02, 1.77622299e+02, 3.27290771e+02, 1.76433228e+02,
       3.01628052e+02, 1.74697388e+02, 2.74682220e+02, 1.74393005e+02,
       2.47492676e+02, 1.73696228e+02, 2.19539688e+02, 1.73143143e+02,
       1.91383530e+02, 1.73017563e+02, 1.62635437e+02, 1.72984238e+02,
       1.52016983e+02, 1.72641937e+02, 1.80161438e+02, 1.72570816e+02,
       2.07907730e+02, 1.72554138e+02, 2.35451324e+02, 1.72747787e+02,
       2.62054840e+02, 1.73834183e+02, 2.87695770e+02, 1.74508499e+02,
       3.12670685e+02, 1.75280899e+02, 3.37385681e+02, 1.76368484e+02,
       3.60539520e+02, 1.76881943e+02, 3.83479950e+02, 1.78443619e+02,
       4.04690399e+02, 1.46618576e+02, 1.51509155e+02, 1.46460846e+02,
       1.79434845e+02, 1.46483704e+02, 2.07025909e+02, 1.46623611e+02,
       2.33558395e+02, 1.47243317e+02, 2.59777222e+02, 1.48394302e+02,
       2.85703583e+02, 1.48944382e+02, 3.10625916e+02, 1.50514023e+02,
       3.34681061e+02, 1.51979004e+02, 3.57824493e+02, 1.52820602e+02,
       3.80461273e+02, 1.54451813e+02, 4.01823944e+02, 1.21403397e+02,
       1.51162155e+02, 1.20797974e+02, 1.78256821e+02, 1.20855087e+02,
       2.05491425e+02, 1.21780251e+02, 2.31693787e+02, 1.22434479e+02,
       2.58127747e+02, 1.23753166e+02, 2.83551605e+02, 1.24606499e+02,
       3.08323669e+02, 1.26543854e+02, 3.32240784e+02, 1.27943542e+02,
       3.55483734e+02, 1.29597015e+02, 3.77768250e+02, 1.31523254e+02,
       3.98732147e+02, 9.65708618e+01, 1.50380569e+02, 9.65582275e+01,
       1.77522552e+02, 9.65493546e+01, 2.04044189e+02, 9.75381393e+01,
       2.30437500e+02, 9.85303574e+01, 2.56196442e+02, 9.99541702e+01,
       2.81613312e+02, 1.00686775e+02, 3.05834869e+02, 1.02631172e+02,
       3.29859406e+02, 1.04606438e+02, 3.52537354e+02, 1.06943283e+02,
       3.74469025e+02, 1.09309120e+02, 3.95826263e+02, 7.30289154e+01,
       1.49790985e+02, 7.31262436e+01, 1.76656464e+02, 7.35673218e+01,
       2.03343201e+02, 7.45349045e+01, 2.29320038e+02, 7.54123764e+01,
       2.54514709e+02, 7.64598007e+01, 2.79499084e+02, 7.85645752e+01,
       3.03542358e+02, 8.04592590e+01, 3.26716827e+02, 8.26966095e+01,
       3.49520081e+02, 8.50540161e+01, 3.71456421e+02, 8.76302795e+01,
       3.92579620e+02, 5.04971657e+01, 1.49609024e+02, 5.05086403e+01,
       1.75729721e+02, 5.10226097e+01, 2.01572983e+02, 5.24028244e+01,
       2.27461685e+02, 5.30862350e+01, 2.52446243e+02, 5.45065460e+01,
       2.77132202e+02, 5.64391861e+01, 3.01171356e+02, 5.86109390e+01,
       3.24343079e+02, 6.11985321e+01, 3.46603943e+02, 6.38058128e+01,
       3.68451538e+02, 6.64733124e+01, 3.89307678e+02, 2.97198639e+01,
       1.49525742e+02, 2.99890137e+01, 1.75457565e+02, 3.04503117e+01,
       2.00696930e+02, 3.06446304e+01, 2.25507980e+02, 3.25044937e+01,
